((("17~" .
   [1 0 0])
  ("point-undo" .
   [1 0 0 0 0 0 0 0 0 0])
  ("lambda" .
   [1 0 0 0 0 0])
  ("term-setup-hook" .
   [0 0 0 0 0 0 0 0 1 0 0 0 0 0 0])
  ("add-hook" .
   [0 0 0 1 0 0 0 0])
  ("function-key-map" .
   [0 0 0 0 0 0 0 0 0 1 0 1 0 0 0 0])
  ("define-key" .
   [0 0 0 0 1 0 2 0 0 0])
  ("global-set-key" .
   [0 0 0 1 0 1 2 0 0 0 0 0 0 0])
  ("1" .
   [2])
  ("kbd" .
   [4 0 0])
  ("f6" .
   [4 0])
  ("funcall" .
   [0 0 0 1 0 0 0])
  ("add-to-list" .
   [0 0 0 0 0 0 1 0 0 0 0])
  ("auto-mode-alist" .
   [0 0 0 0 0 0 0 0 0 0 0 1 0 0 0])
  ("js2-m" .
   [0 0 0 0 1])
  ("autoload" .
   [0 0 0 0 1 0 0 0])
  ("js2-mode" .
   [0 0 0 1 0 0 0 0])
  ("nil" .
   [1 0 0])))
